15 12 3 90
0 4 12
0 5 123
0 7 126
0 9 133
1 0 18
1 1 20
1 2 21
1 3 14
1 6 125
1 8 131
1 9 134
1 10 138
1 11 137
2 5 8
2 6 121
2 10 141
3 5 7
3 7 120
4 0 26
4 1 37
4 3 35
4 6 4
4 8 119
4 9 145
5 1 40
5 4 34
5 6 3
5 7 1
5 9 146
5 11 149
6 0 39
6 1 46
6 2 45
6 3 44
6 4 43
6 5 33
6 7 100
6 9 151
6 11 154
7 2 50
7 3 68
7 4 69
7 5 84
7 6 99
7 7 101
7 8 116
8 1 51
8 2 67
8 3 70
8 4 83
8 5 85
8 7 102
8 9 160
8 11 157
9 0 52
9 1 66
9 2 71
9 5 97
9 6 103
9 7 114
9 10 164
9 11 158
10 1 65
10 2 72
10 3 81
10 6 104
10 9 168
11 2 73
11 3 80
11 5 95
11 7 112
11 10 172
11 11 166
12 1 63
12 8 170
12 9 173
13 0 56
13 1 59
13 2 62
13 4 78
13 7 107
13 9 174
13 10 179
13 11 177
14 0 57
14 4 76
14 6 91
14 8 108
14 10 180
14 11 178
Total time generating the Txt is 0.002 seconds