15 14 3 105
0 3 36
0 8 79
0 12 139
0 13 140
1 0 31
1 1 34
1 2 37
1 3 45
1 4 47
1 6 77
1 9 110
1 10 137
1 12 143
2 0 30
2 1 38
2 3 44
2 9 136
2 11 146
2 13 142
3 1 39
3 3 43
3 4 52
3 5 75
3 8 112
3 9 135
3 12 150
3 13 148
4 0 2
4 3 53
4 6 104
4 7 113
4 9 153
4 10 155
4 12 157
4 13 149
5 0 3
5 1 1
5 6 103
5 7 114
5 9 154
5 11 161
5 12 160
5 13 158
6 3 55
6 5 85
6 6 102
6 7 115
6 9 163
6 11 181
6 12 182
7 6 101
7 8 131
7 12 185
7 13 183
8 0 6
8 1 22
8 2 57
8 5 100
8 7 130
8 10 187
9 0 7
9 1 21
9 2 58
9 3 69
9 5 99
9 7 129
9 11 194
9 13 191
10 0 8
10 1 20
10 2 59
10 3 68
10 5 98
10 6 119
10 11 205
11 3 67
11 4 90
11 5 97
11 7 127
11 8 169
11 9 176
11 10 196
11 11 204
11 12 207
11 13 209
12 4 91
12 5 96
12 6 121
12 7 126
12 9 175
12 13 210
13 1 14
13 3 62
13 5 92
13 6 95
13 7 122
13 9 171
13 10 174
13 13 201
14 0 12
14 1 13
14 5 64
14 6 93
14 7 94
14 8 123
Total time generating the Txt is 0.012 seconds