15 14 3 105
0 1 163
0 3 171
0 4 172
0 5 179
0 6 180
0 8 188
0 9 195
0 10 196
0 12 210
0 13 209
1 1 165
1 2 170
1 4 178
1 5 181
1 6 186
1 8 194
1 11 205
1 12 207
2 0 160
2 2 169
2 3 174
2 4 177
2 8 193
2 9 198
2 10 201
2 13 147
3 0 133
3 7 184
3 9 192
3 10 199
3 11 200
3 12 148
4 3 157
4 4 156
4 6 154
4 7 153
4 9 151
4 10 150
5 0 105
5 1 131
5 6 139
5 8 141
5 9 142
5 10 143
5 11 144
5 13 118
6 0 104
6 4 128
6 5 127
6 6 126
6 11 121
7 1 103
7 3 108
7 5 110
7 8 113
7 9 114
7 13 90
8 0 76
8 1 78
8 2 102
8 4 100
8 7 97
8 8 96
8 9 95
8 10 94
8 11 93
8 13 63
9 0 49
9 5 82
9 6 83
9 10 87
9 12 64
9 13 62
10 1 50
10 2 74
10 3 73
10 5 71
10 8 68
10 11 65
10 12 61
11 4 53
11 8 57
11 9 58
11 11 60
11 12 36
11 13 34
12 0 18
12 2 46
12 5 43
12 12 33
12 13 32
13 0 16
13 3 22
13 4 23
13 6 25
13 7 26
13 10 29
13 12 31
13 13 1
14 2 13
14 4 11
14 5 10
14 7 8
14 8 7
14 9 6
Total time generating the Txt is 0.008 seconds