15 14 3 105
0 0 200
0 1 201
0 3 174
0 5 149
0 6 148
0 8 119
0 9 87
0 10 86
1 5 172
1 7 147
1 10 88
1 11 85
1 13 56
2 2 210
2 3 209
2 6 151
2 8 122
2 9 117
2 10 89
2 12 61
2 13 55
3 0 196
3 2 207
3 4 177
3 8 123
3 10 90
4 0 187
4 2 194
4 3 193
4 5 169
4 6 153
4 9 115
4 10 91
4 13 53
5 1 188
5 3 191
5 4 179
5 5 168
5 6 154
5 7 143
5 9 114
5 10 92
5 11 81
6 0 184
6 1 185
6 2 189
6 4 180
6 5 167
6 7 142
6 8 126
6 10 93
6 12 65
6 13 51
7 2 182
7 5 165
7 6 156
7 8 127
7 10 94
7 11 79
7 12 66
8 2 161
8 4 163
8 7 140
8 8 128
8 13 49
9 1 27
9 2 31
9 8 129
9 9 110
9 10 96
9 11 77
9 12 68
9 13 48
10 0 21
10 1 23
10 2 26
10 4 134
10 11 76
11 1 20
11 2 24
11 3 25
11 4 33
11 6 132
11 9 107
11 10 98
11 11 75
11 12 70
12 0 11
12 1 13
12 3 18
12 7 104
12 8 105
12 11 74
13 1 10
13 3 15
13 5 1
13 12 44
13 13 43
14 0 8
14 1 7
14 3 5
14 4 4
14 6 2
14 11 40
14 13 42
Total time generating the Txt is 0.016 seconds