15 15 3 112
0 0 167
0 2 165
0 4 135
0 5 106
0 6 105
0 7 76
0 8 75
0 10 45
0 12 15
1 2 170
1 5 134
1 6 107
1 7 104
1 9 74
1 10 47
1 13 14
2 0 175
2 3 171
2 5 138
2 11 48
2 12 43
2 13 18
3 1 177
3 5 139
3 8 102
3 10 72
3 11 49
4 1 182
4 4 161
4 5 140
4 7 110
4 9 80
4 10 71
4 12 41
4 13 20
4 14 8
5 0 184
5 2 186
5 5 141
5 8 100
5 10 70
5 14 7
6 0 191
6 1 190
6 2 189
6 3 187
6 4 159
6 5 142
6 6 129
6 7 112
6 8 99
6 9 82
6 11 52
6 13 22
7 6 128
7 7 113
7 8 98
7 9 83
7 12 38
7 14 5
8 5 144
8 8 97
8 12 37
8 13 24
9 0 200
9 1 201
9 2 202
9 4 156
9 5 145
9 6 126
9 7 115
9 10 66
9 13 25
9 14 3
10 0 214
10 4 155
10 5 146
10 7 116
10 8 95
10 13 26
11 0 215
11 1 216
11 3 205
11 4 154
11 7 117
11 8 94
11 10 64
11 13 27
11 14 1
12 1 218
12 4 206
12 7 123
12 9 93
12 10 88
12 11 63
12 12 58
13 0 224
13 2 220
13 5 152
13 8 119
13 9 92
13 10 89
13 12 59
13 13 32
14 0 225
14 1 223
14 2 221
14 4 208
14 6 150
14 7 121
14 8 120
14 12 60
Total time generating the Txt is 0.007 seconds