15 15 3 112
0 0 37
0 1 36
0 3 16
0 4 15
0 6 9
0 12 25
0 13 109
0 14 110
1 1 39
1 6 11
1 7 8
1 11 26
2 0 40
2 2 45
2 3 44
2 4 33
2 6 13
2 7 12
2 8 1
2 9 22
2 10 27
2 11 107
2 12 189
2 14 113
3 0 41
3 1 46
3 2 50
3 3 51
3 4 52
3 7 20
4 0 47
4 1 49
4 2 56
4 4 54
4 6 31
4 9 105
4 10 195
4 11 194
4 12 192
4 13 187
4 14 116
5 2 61
5 4 70
5 5 71
5 6 83
5 10 198
5 11 196
5 14 117
6 0 58
6 1 60
6 2 63
6 3 69
6 6 85
6 10 200
6 11 197
6 14 118
7 1 64
7 5 86
7 8 206
7 13 162
7 14 119
8 1 67
8 2 74
8 3 80
8 6 211
8 7 210
8 10 183
8 11 165
9 0 66
9 1 75
9 6 214
9 8 209
9 10 166
10 2 89
10 5 225
10 7 213
10 8 181
10 11 150
10 13 137
10 14 122
11 5 223
11 7 180
11 8 168
11 10 151
11 12 138
11 13 136
12 0 91
12 1 97
12 2 175
12 4 219
12 7 169
12 8 157
12 9 152
12 10 144
12 11 139
12 12 135
12 13 130
13 1 96
13 2 174
13 3 176
13 5 178
13 9 143
13 10 140
13 12 131
14 0 93
14 3 173
14 5 171
14 7 154
14 8 142
14 11 132
14 12 128
14 13 127
Total time generating the Txt is 0.017 seconds