15 15 3 112
0 1 156
0 2 133
0 5 108
0 6 85
0 9 60
0 10 37
0 13 14
0 14 13
1 1 159
1 2 155
1 3 134
1 4 131
1 5 110
1 7 86
1 8 83
1 10 59
1 11 38
1 14 12
2 3 135
2 8 82
2 10 58
3 0 162
3 1 163
3 2 153
3 3 136
3 5 112
3 6 105
3 7 88
3 8 81
3 10 57
3 11 40
3 13 18
4 1 164
4 2 152
4 5 113
4 7 89
5 1 167
5 5 114
5 7 90
5 11 42
5 12 31
5 13 20
6 0 169
6 2 150
6 3 139
6 7 91
6 8 78
6 10 54
6 11 43
6 13 21
7 1 171
7 4 125
7 7 92
7 8 77
7 10 53
7 11 44
7 14 6
8 0 173
8 1 172
8 2 148
8 3 141
8 5 117
8 10 52
8 11 45
9 2 147
9 4 123
9 8 75
9 12 27
9 14 4
10 1 177
10 3 143
10 4 122
10 7 95
10 11 47
10 12 26
10 14 3
11 0 178
11 4 144
11 6 120
11 7 97
11 8 96
11 12 48
11 13 1
12 1 182
12 2 181
12 4 191
12 5 196
12 6 197
12 7 202
12 9 208
12 11 214
12 14 221
13 0 184
13 3 192
13 4 195
13 6 201
13 8 207
13 9 210
13 10 213
13 11 216
13 12 219
13 13 223
13 14 222
14 2 188
14 3 193
14 6 200
14 7 205
14 8 206
14 10 212
14 11 217
14 13 224
14 14 225
Total time generating the Txt is 0.01 seconds