20 20 2 240
0 2 326
0 3 287
0 5 247
0 12 12
0 14 9
0 15 33
0 17 36
0 18 40
1 0 329
1 1 331
1 2 332
1 4 288
1 5 285
1 7 245
1 9 205
1 12 14
1 13 11
1 15 32
1 17 37
1 18 39
2 0 330
2 1 336
2 2 335
2 4 324
2 5 289
2 6 284
2 8 244
2 9 209
2 10 204
2 12 17
2 13 15
2 14 7
2 15 5
2 19 43
3 1 339
3 4 323
3 5 290
3 6 283
3 8 243
3 11 170
3 12 23
3 13 16
3 14 6
3 15 4
3 16 2
3 17 30
3 18 45
3 19 46
4 0 338
4 2 343
4 3 341
4 4 322
4 7 251
4 11 171
4 15 3
4 16 1
4 18 48
4 19 47
5 1 347
5 2 348
5 3 342
5 4 321
5 5 292
5 6 281
5 7 252
5 9 212
5 10 201
5 11 172
5 12 168
5 15 27
5 16 28
5 17 52
5 19 49
6 0 346
6 3 349
6 4 320
6 5 293
6 7 253
6 10 200
6 11 173
6 13 140
6 14 138
6 15 86
6 16 85
6 18 53
6 19 50
7 0 353
7 1 355
7 2 356
7 6 279
7 7 254
7 10 199
7 11 174
7 15 112
7 18 82
7 19 54
8 1 360
8 4 318
8 5 295
8 6 278
8 7 255
8 10 198
8 12 165
8 13 142
8 14 136
8 15 113
8 16 111
8 18 81
8 19 55
9 0 361
9 4 317
9 7 256
9 13 143
9 14 135
9 15 114
10 0 362
10 1 368
10 3 365
10 4 316
10 7 257
10 9 217
10 11 177
10 12 163
10 13 144
10 14 134
10 16 109
11 0 369
11 2 372
11 3 366
11 4 315
11 5 298
11 7 258
11 10 195
11 11 178
11 14 133
11 15 116
11 16 108
11 18 78
11 19 58
12 1 376
12 2 375
12 3 373
12 5 299
12 9 219
12 11 179
12 12 161
12 13 146
13 1 379
13 2 380
13 3 374
13 5 300
13 7 260
13 8 233
13 9 220
13 10 193
13 11 180
13 16 106
13 17 93
13 18 76
13 19 60
14 1 384
14 2 383
14 3 381
14 5 301
14 6 272
14 8 232
14 9 221
14 10 192
14 11 181
14 12 159
14 13 148
14 16 105
15 0 385
15 1 387
15 2 388
15 3 382
15 4 311
15 7 262
15 8 231
15 9 222
15 10 191
15 11 182
15 12 158
15 13 149
15 14 129
15 15 120
15 16 104
15 17 95
15 18 74
16 1 392
16 2 391
16 3 389
16 5 303
16 8 230
16 9 223
16 10 190
16 14 128
16 15 121
16 16 103
16 17 96
17 0 393
17 1 398
17 2 400
17 5 304
17 6 269
17 7 264
17 9 224
17 10 189
17 13 151
17 14 127
17 15 122
17 19 64
18 2 399
18 3 308
18 4 305
18 6 265
18 7 228
18 8 225
18 9 188
18 10 185
18 11 155
18 12 152
18 13 126
18 15 101
18 17 71
18 18 68
18 19 65
19 0 395
19 1 396
19 2 307
19 3 306
19 5 266
19 7 226
19 9 186
19 10 154
19 11 153
19 12 125
19 13 124
19 18 67
19 19 66
Total time generating the Txt is 0.015 seconds