20 20 3 200
0 0 170
0 2 168
0 4 165
0 5 164
0 7 42
0 8 43
0 9 44
0 10 46
0 11 47
0 12 64
0 14 82
0 15 83
0 19 119
1 1 172
1 3 167
1 7 41
1 8 40
1 9 45
1 10 48
1 11 63
1 13 81
1 14 84
1 17 117
1 19 120
2 1 175
2 3 159
2 5 32
2 7 34
2 8 38
2 10 49
2 12 67
2 13 80
2 14 85
2 15 98
2 18 122
2 19 123
3 0 177
3 2 179
3 6 19
3 10 50
3 11 61
3 14 86
3 15 97
3 16 104
3 19 124
4 1 181
4 5 20
4 9 36
4 10 51
4 11 60
4 16 105
4 18 126
4 19 127
5 1 184
5 3 155
5 4 28
5 5 21
5 6 16
5 7 11
5 8 12
5 11 59
5 13 77
5 14 88
5 16 106
5 17 113
5 19 128
6 7 3
6 8 4
6 11 58
6 14 89
6 15 94
6 17 112
6 18 130
7 2 191
7 4 26
7 7 2
7 8 1
7 9 6
7 10 54
7 11 57
7 14 90
7 15 93
7 17 111
8 0 194
8 4 150
8 5 25
8 6 24
8 9 55
8 11 73
8 12 74
8 17 136
8 18 135
8 19 134
9 0 195
9 3 219
9 10 144
9 15 139
9 18 395
10 1 217
10 2 220
10 3 221
10 7 261
10 11 301
10 12 320
10 13 321
10 15 341
10 16 360
10 19 397
11 0 198
11 2 222
11 7 279
11 8 282
11 12 322
11 13 339
11 19 400
12 1 215
12 2 223
12 4 243
12 5 258
12 8 283
12 10 303
12 11 318
12 15 358
12 18 391
13 0 200
13 1 214
13 4 244
13 5 257
13 7 277
13 13 337
13 15 357
13 16 363
13 17 387
13 18 388
14 1 213
14 2 225
14 3 236
14 8 285
14 9 296
14 10 305
14 11 316
14 18 385
14 19 384
15 0 202
15 5 255
15 6 266
15 7 275
15 8 286
15 9 295
15 13 335
15 15 355
15 18 382
16 0 203
16 2 227
16 3 234
16 4 247
16 5 254
16 6 267
16 7 274
16 9 294
16 10 307
16 12 327
16 15 354
16 16 366
17 2 228
17 3 233
17 4 248
17 6 268
17 7 273
17 9 293
17 12 328
17 13 333
17 15 353
17 16 367
17 17 375
17 18 376
18 0 205
18 2 229
18 3 232
18 4 249
18 5 252
18 8 289
18 9 292
18 10 309
18 11 312
18 12 329
18 13 332
18 17 374
18 18 373
19 1 207
19 2 208
19 3 230
19 4 231
19 9 290
19 11 310
19 12 311
19 13 330
19 16 351
19 17 369
19 19 371
Total time generating the Txt is 0.008 seconds