20 20 3 200
0 1 12
0 4 9
0 7 4
0 9 200
0 11 203
0 12 242
0 13 243
0 14 282
0 17 323
0 18 400
0 19 399
1 1 15
1 2 53
1 3 54
1 4 55
1 7 3
1 8 198
1 9 201
1 10 204
1 11 241
1 13 281
1 15 321
1 18 397
2 1 52
2 4 56
2 6 95
2 8 1
2 9 197
2 11 240
2 12 245
2 13 280
2 16 325
3 1 51
3 2 59
3 3 60
3 4 93
3 5 96
3 7 130
3 9 196
3 11 239
3 12 246
3 13 279
3 14 286
3 17 390
3 18 391
3 19 392
4 0 18
4 6 131
4 8 164
4 9 195
4 10 207
4 11 238
4 12 247
4 16 327
5 3 91
5 5 127
5 7 161
5 10 208
5 12 248
5 17 384
5 18 385
6 0 20
6 3 90
6 5 126
6 7 160
6 10 209
6 11 236
6 12 249
6 15 316
6 17 383
7 1 47
7 6 134
7 9 192
7 12 250
7 15 315
7 16 330
7 17 378
7 18 379
8 0 22
8 6 135
8 8 168
8 10 211
8 11 234
8 13 274
8 14 291
8 18 376
8 19 375
9 2 66
9 4 102
9 7 157
9 9 190
9 10 212
9 12 252
9 14 292
9 18 373
9 19 374
10 2 67
10 5 122
10 6 137
10 8 170
10 9 189
10 12 253
10 13 272
10 16 333
10 17 371
10 18 370
10 19 369
11 1 43
11 3 85
11 5 121
11 6 138
11 8 171
11 9 188
11 13 271
11 19 368
12 1 42
12 2 69
12 5 120
12 6 139
12 7 154
12 8 172
12 10 215
12 16 335
12 17 365
12 18 364
12 19 363
13 1 41
13 3 83
13 4 106
13 5 119
13 7 153
13 10 216
13 11 229
13 14 296
13 15 309
13 17 360
13 18 361
14 0 28
14 2 71
14 4 107
14 8 174
14 13 268
14 14 297
14 16 337
14 17 359
14 18 358
15 0 29
15 1 39
15 2 72
15 3 81
15 5 117
15 6 142
15 8 175
15 9 184
15 12 258
15 13 267
15 16 338
15 17 354
15 18 355
15 19 356
16 0 30
16 3 80
16 4 109
16 7 150
16 11 226
16 14 299
16 15 306
16 16 339
16 19 351
17 0 31
17 1 37
17 2 74
17 3 79
17 4 110
17 6 144
17 8 177
17 10 220
17 11 225
17 12 260
17 18 349
17 19 350
18 1 36
18 2 75
18 3 78
18 5 114
18 6 145
18 7 148
18 10 221
18 11 224
18 12 261
18 15 304
18 16 341
18 17 347
19 0 33
19 4 77
19 9 179
19 11 222
19 13 262
19 16 303
19 17 342
Total time generating the Txt is 0.016 seconds