20 20 3 200
0 0 400
0 3 386
0 4 372
0 6 353
0 8 330
0 12 81
0 13 80
0 15 85
0 17 90
0 18 91
0 19 92
1 1 397
1 2 396
1 3 388
1 4 385
1 5 373
1 6 370
1 8 351
1 9 331
1 12 79
1 13 82
1 14 84
1 15 87
1 16 89
2 1 394
2 4 384
2 6 369
2 8 350
2 10 324
2 11 78
2 12 77
2 17 253
2 19 95
3 2 390
3 6 356
3 8 333
3 11 66
3 12 67
3 17 255
3 18 249
3 19 96
4 1 381
4 4 367
4 6 348
4 9 64
4 11 62
4 13 68
4 15 73
4 19 97
5 1 378
5 2 377
5 3 366
5 4 358
5 6 335
5 7 321
5 8 51
5 9 52
5 10 53
5 11 57
5 12 58
5 18 218
6 1 364
6 5 336
6 6 320
6 10 47
6 11 54
6 14 261
6 17 219
6 19 99
7 0 362
7 1 361
7 2 360
7 4 337
7 5 319
7 7 38
7 8 39
7 9 43
7 12 55
7 14 262
7 16 220
7 17 216
7 18 191
8 0 342
8 3 338
8 6 35
8 7 34
8 8 33
8 13 264
8 14 244
8 15 221
8 18 190
8 19 101
9 1 340
9 11 267
9 12 266
9 13 243
9 14 222
9 15 214
9 16 193
10 0 314
10 2 316
10 3 22
10 7 26
10 9 31
10 11 268
10 12 242
10 16 188
10 18 167
11 1 313
11 2 21
11 9 271
11 10 270
11 14 195
11 15 187
11 18 149
12 0 311
12 2 20
12 8 273
12 9 272
12 10 240
12 11 225
12 14 186
12 15 171
12 17 150
13 1 308
13 3 9
13 4 1
13 5 4
13 7 275
13 10 226
13 13 185
13 17 147
14 1 305
14 3 300
14 5 7
14 7 276
14 8 238
14 9 227
14 10 209
14 11 198
14 15 152
14 19 107
15 1 302
15 4 291
15 5 279
15 7 237
15 8 228
15 9 208
15 14 153
15 17 132
15 18 123
16 2 298
16 3 292
16 4 290
16 5 280
16 6 236
16 8 207
16 10 182
16 11 175
16 12 161
16 18 122
16 19 109
17 1 294
17 5 235
17 6 230
17 7 206
17 9 181
17 10 176
17 11 160
17 14 138
17 16 125
17 17 121
17 18 116
18 0 286
18 2 288
18 4 234
18 5 231
18 7 202
18 8 180
18 9 177
18 10 159
18 11 156
18 13 139
18 15 126
18 17 117
18 18 115
18 19 111
19 0 285
19 2 283
19 3 233
19 4 232
19 5 204
19 7 179
19 8 178
19 9 158
19 10 157
19 14 127
19 17 114
19 18 113
19 19 112
Total time generating the Txt is 0.011 seconds