20 20 3 200
0 0 326
0 1 325
0 2 324
0 3 285
0 6 244
0 8 16
0 10 11
0 11 9
0 13 27
0 14 28
0 15 30
0 18 36
1 1 328
1 4 286
1 7 243
1 8 18
1 9 15
1 11 10
1 13 26
1 18 39
2 0 399
2 1 400
2 6 282
2 7 247
2 9 19
2 11 1
2 15 33
2 17 78
2 18 76
2 19 40
3 0 398
3 1 397
3 4 321
3 5 288
3 6 281
3 8 241
3 11 3
3 12 2
3 13 5
3 16 81
3 19 41
4 0 393
4 9 209
4 10 207
4 12 22
4 13 23
4 17 82
4 19 42
5 1 391
5 2 390
5 3 334
5 4 319
5 5 290
5 7 250
5 8 239
5 9 210
5 14 118
5 17 83
5 18 73
5 19 43
6 4 318
6 6 278
6 8 238
6 9 211
6 11 178
6 14 146
6 17 84
6 18 72
7 1 385
7 3 336
7 6 277
7 8 237
7 11 179
7 14 145
7 15 120
8 3 337
8 4 316
8 6 276
8 8 236
8 9 213
8 11 180
8 13 151
8 19 46
9 2 378
9 4 315
9 5 294
9 9 214
9 12 173
9 14 143
9 15 122
9 16 108
9 19 47
10 3 339
10 4 314
10 5 295
10 9 215
10 12 172
10 13 153
10 14 142
10 15 123
10 16 107
10 19 48
11 0 374
11 1 373
11 4 313
11 5 296
11 6 273
11 8 233
11 10 200
11 11 183
11 14 141
11 16 106
11 17 89
11 19 49
12 1 370
12 2 371
12 3 341
12 4 312
12 5 297
12 6 272
12 7 257
12 8 232
12 9 217
12 10 199
12 11 184
12 13 155
12 15 125
12 16 105
13 1 367
13 2 366
13 3 342
13 4 311
13 5 298
13 7 258
13 14 139
13 15 126
13 16 104
13 18 65
13 19 51
14 0 363
14 2 365
14 3 343
14 7 259
14 8 230
14 9 219
14 11 186
14 12 168
14 13 157
14 15 127
14 16 103
14 17 92
14 19 52
15 1 361
15 2 360
15 3 344
15 4 309
15 6 269
15 11 187
15 12 167
15 15 128
15 16 102
15 17 93
15 19 53
16 6 268
16 7 261
16 8 228
16 9 221
16 12 166
16 13 159
16 14 136
16 15 129
16 16 101
16 18 62
16 19 54
17 0 356
17 2 354
17 3 346
17 4 307
17 5 302
17 8 227
17 11 189
17 13 160
17 14 135
17 16 100
17 17 95
17 19 55
18 0 351
18 1 352
18 4 306
18 5 303
18 9 223
18 16 99
18 19 56
19 1 349
19 6 264
19 9 192
19 12 162
19 14 132
19 15 98
19 19 57
Total time generating the Txt is 0.002 seconds