20 20 3 200
0 5 322
0 7 315
0 8 313
0 9 312
0 10 34
0 13 38
0 15 43
0 16 44
0 17 45
0 18 46
1 1 339
1 4 326
1 9 311
1 11 36
1 13 41
1 16 91
1 18 50
2 0 345
2 3 341
2 6 319
2 7 317
2 12 40
2 13 94
2 16 97
2 18 52
2 19 49
3 3 342
3 5 328
3 6 318
3 7 309
3 8 25
3 12 136
3 16 100
4 2 355
4 3 349
4 4 331
4 5 329
4 8 22
4 14 140
4 15 133
4 17 99
4 18 88
5 0 358
5 1 359
5 5 307
5 6 17
5 8 20
5 10 175
5 12 173
5 13 144
5 14 143
5 15 141
5 16 132
5 17 103
5 18 87
5 19 55
6 1 360
6 3 351
6 4 306
6 6 14
6 8 19
6 10 177
6 11 178
6 17 104
6 19 56
7 0 362
7 2 352
7 4 9
7 7 15
7 8 210
7 9 209
7 11 183
7 12 182
7 14 171
7 15 146
7 16 130
7 17 105
7 19 57
8 1 364
8 2 304
8 3 5
8 4 6
8 6 11
8 7 211
8 8 212
8 9 213
8 11 207
8 12 184
8 14 170
8 15 147
8 16 129
8 17 106
9 0 366
9 5 7
9 6 241
9 7 240
9 10 217
9 15 148
9 18 83
10 0 368
10 1 369
10 3 1
10 7 244
10 8 245
10 9 238
10 11 216
10 12 205
10 13 186
10 14 168
10 15 149
10 16 127
10 17 108
10 19 60
11 0 370
11 3 301
11 4 284
11 5 267
11 9 246
11 11 220
11 12 204
11 13 187
11 14 167
11 15 150
11 16 126
12 0 399
12 1 397
12 2 373
12 6 268
12 9 247
12 10 236
12 11 221
12 15 151
12 18 80
13 0 400
13 2 396
13 3 374
13 4 299
13 6 282
13 8 264
13 9 251
13 11 222
13 12 202
13 15 152
13 17 111
13 18 79
13 19 63
14 0 393
14 2 395
14 3 375
14 7 270
14 10 234
14 14 164
14 15 153
14 16 123
14 17 112
14 18 78
14 19 64
15 1 392
15 2 388
15 4 297
15 8 262
15 14 163
15 15 154
15 16 122
15 19 65
16 0 390
16 1 389
16 2 387
16 4 296
16 9 254
16 12 199
16 13 192
16 14 162
16 17 114
16 18 76
17 0 384
17 4 295
17 7 273
17 8 260
17 14 161
17 16 120
17 17 115
17 19 67
18 1 383
18 4 291
18 6 274
18 7 259
18 10 227
18 12 194
18 13 160
18 15 119
18 16 116
19 4 276
19 9 228
19 10 196
19 11 195
19 12 159
19 13 158
19 16 73
19 17 72
Total time generating the Txt is 0.007 seconds