20 20 3 200
0 3 149
0 4 117
0 6 88
0 11 41
0 13 31
0 14 25
0 15 24
0 16 20
0 17 19
0 18 17
0 19 16
1 1 189
1 6 115
1 8 86
1 10 61
1 13 33
1 14 30
1 16 23
2 0 190
2 2 195
2 3 184
2 4 152
2 5 147
2 6 119
2 8 90
2 10 65
2 11 60
2 13 39
2 14 34
2 15 29
2 17 22
2 18 14
2 19 2
3 1 194
3 4 183
3 10 84
3 12 59
3 13 45
3 17 13
3 18 1
3 19 3
4 1 198
4 2 202
4 4 204
4 8 121
4 11 83
4 12 67
4 14 46
4 15 37
4 16 36
4 17 12
4 19 4
5 0 199
5 2 247
5 4 245
5 6 181
5 11 93
5 12 82
5 13 68
5 18 7
5 19 5
6 1 248
6 2 252
6 4 254
6 7 180
6 8 156
6 9 143
6 13 81
6 16 55
6 17 49
6 19 8
7 1 251
7 5 255
7 6 243
7 7 207
7 9 157
7 10 142
7 12 109
7 15 70
7 16 71
7 17 54
7 18 50
7 19 9
8 0 250
8 1 283
8 3 288
8 4 289
8 5 279
8 7 242
8 12 125
8 13 108
8 14 96
8 15 79
9 3 312
9 4 311
9 6 278
9 8 241
9 10 177
9 11 159
9 12 140
9 14 107
9 15 97
9 16 98
10 0 285
10 3 319
10 4 320
10 6 291
10 8 258
10 11 176
10 12 160
10 13 139
10 18 76
10 19 74
11 0 315
11 1 317
11 3 339
11 4 338
11 5 321
11 7 292
11 8 276
11 9 259
11 11 211
11 13 161
11 18 100
11 19 75
12 0 316
12 1 341
12 2 345
12 4 347
12 6 322
12 7 308
12 11 238
12 12 212
12 14 162
12 16 136
12 17 130
13 0 342
13 2 363
13 8 307
13 9 294
13 11 261
13 12 237
13 15 163
13 16 164
13 17 135
14 0 343
14 4 370
14 7 335
14 12 262
14 13 236
14 14 214
14 15 172
14 17 165
14 18 134
15 0 365
15 1 367
15 3 381
15 5 371
15 6 359
15 7 350
15 10 305
15 15 215
15 16 216
15 17 170
15 18 166
16 1 392
16 2 391
16 6 372
16 7 358
16 11 304
16 12 297
16 17 217
17 1 394
17 6 373
17 7 357
17 9 332
17 11 303
17 12 298
17 16 228
17 19 168
18 1 399
18 2 396
18 3 387
18 4 384
18 6 374
18 10 328
18 14 266
18 17 225
18 18 222
19 0 400
19 1 397
19 2 386
19 4 376
19 5 375
19 9 329
19 12 268
19 13 267
19 15 230
19 16 224
19 18 221
Total time generating the Txt is 0.017 seconds