20 20 3 200
0 3 244
0 4 246
0 9 338
0 10 339
0 13 380
0 16 389
0 17 396
0 18 400
1 2 242
1 6 282
1 7 310
1 8 313
1 9 337
1 10 340
1 12 363
1 13 379
1 16 390
1 19 399
2 0 6
2 1 1
2 3 241
2 4 248
2 5 278
2 9 336
2 11 359
2 12 364
2 13 378
2 17 393
2 19 372
3 0 7
3 3 208
3 5 249
3 6 277
3 10 335
3 11 342
3 14 377
3 15 384
3 18 373
4 0 8
4 5 239
4 6 250
4 9 307
4 10 316
4 12 343
4 15 376
4 19 351
5 0 9
5 2 158
5 5 210
5 8 275
5 9 286
5 12 333
5 16 368
5 17 369
5 18 352
5 19 350
6 3 157
6 4 163
6 7 237
6 8 252
6 9 274
6 10 287
6 11 305
6 13 332
6 15 355
6 16 354
6 19 326
7 0 11
7 1 102
7 2 127
7 3 131
7 6 202
7 8 236
7 11 288
7 14 331
7 15 346
8 0 12
8 2 103
8 4 132
8 9 235
8 10 254
8 11 272
8 12 289
8 16 329
8 17 328
8 19 297
9 0 13
9 6 154
9 7 166
9 9 214
9 10 234
9 15 321
9 16 322
9 17 323
9 18 298
10 0 14
10 1 78
10 2 80
10 3 99
10 7 153
10 9 199
10 10 215
10 12 256
10 15 301
10 19 264
11 0 15
11 2 77
11 5 106
11 10 198
11 13 257
11 14 269
11 16 293
11 17 294
11 19 263
12 0 16
12 5 97
12 6 107
12 8 136
12 10 169
12 11 197
12 13 231
12 14 258
12 15 268
12 17 266
13 0 17
13 1 45
13 2 58
13 4 75
13 6 96
13 7 108
13 9 137
13 10 150
13 13 218
13 14 230
13 15 259
13 18 226
13 19 224
14 4 63
14 5 74
14 7 95
14 8 109
14 9 120
14 10 138
14 15 229
14 17 227
14 18 223
15 1 34
15 2 43
15 3 47
15 6 73
15 7 85
15 10 119
15 17 222
15 19 188
16 0 20
16 1 33
16 6 65
16 7 72
16 8 86
16 9 93
16 10 111
16 12 140
16 13 147
16 15 193
16 16 192
16 17 191
17 0 21
17 4 41
17 7 66
17 10 92
17 11 112
17 13 141
17 15 174
17 18 183
17 19 181
18 0 22
18 1 26
18 2 28
18 4 37
18 5 40
18 6 50
18 9 70
18 10 88
18 13 116
18 15 145
18 16 175
18 17 184
18 19 179
19 2 25
19 3 29
19 4 30
19 7 51
19 8 52
19 9 68
19 10 69
19 11 89
19 13 114
19 14 115
19 16 144
19 19 178
Total time generating the Txt is 0.008 seconds