20 20 3 200
0 0 32
0 5 74
0 10 184
0 12 226
0 13 227
0 14 266
0 15 267
0 16 306
0 19 396
1 1 34
1 2 37
1 3 72
1 4 75
1 5 110
1 8 151
1 9 183
1 12 228
1 13 265
1 15 305
1 17 394
1 19 397
2 0 30
2 2 71
2 4 109
2 6 147
2 10 224
2 12 264
2 14 304
2 15 309
2 18 400
3 0 29
3 6 146
3 7 153
3 13 270
3 15 310
3 18 392
3 19 386
4 0 28
4 3 78
4 4 107
4 6 145
4 7 154
4 15 311
4 16 382
4 18 387
4 19 385
5 0 27
5 4 106
5 5 117
5 9 190
5 10 221
5 17 383
5 18 384
6 0 26
6 2 67
6 4 105
6 5 118
6 6 143
6 8 178
6 9 191
6 12 260
6 14 300
6 15 313
7 0 25
7 1 43
7 2 66
7 4 104
7 5 119
7 6 142
7 10 219
7 12 259
7 13 274
7 15 314
7 17 375
7 19 370
8 3 82
8 5 120
8 6 141
8 8 176
8 10 218
8 11 235
8 15 315
8 17 372
9 1 45
9 3 83
9 4 102
9 5 121
9 6 140
9 8 175
9 10 217
9 12 257
9 15 316
9 16 365
9 18 368
10 1 46
10 3 84
10 4 101
10 5 122
10 9 195
10 10 216
10 11 237
10 13 277
10 14 296
10 15 317
10 16 358
10 19 361
11 0 21
11 2 62
11 3 85
11 5 123
11 6 138
11 8 173
11 11 238
11 13 278
11 16 357
11 17 359
11 18 360
11 19 354
12 1 48
12 2 61
12 4 99
12 5 124
12 6 137
12 7 162
12 9 197
12 10 214
12 19 353
13 0 19
13 1 49
13 2 60
13 3 87
13 4 98
13 6 136
13 10 213
13 13 280
13 16 349
13 17 351
13 19 346
14 2 59
14 3 88
14 10 212
14 11 241
14 13 281
14 15 321
14 16 342
14 19 345
15 0 17
15 2 58
15 4 96
15 5 127
15 6 134
15 8 169
15 9 200
15 11 242
15 13 282
15 15 322
15 17 343
15 18 344
16 0 16
16 5 128
16 8 168
16 9 201
16 10 210
16 12 250
16 13 283
16 16 334
16 18 339
16 19 337
17 3 56
17 4 91
17 5 94
17 7 132
17 8 167
17 9 202
17 12 249
17 17 335
18 0 11
18 2 14
18 8 131
18 9 203
18 12 245
18 15 288
18 16 325
18 17 332
18 19 329
19 0 10
19 1 9
19 2 8
19 3 7
19 4 6
19 5 5
19 6 4
19 7 3
19 8 2
19 9 1
19 12 207
19 13 246
19 15 286
19 17 326
19 18 327
Total time generating the Txt is 0.005 seconds