20 20 3 200
0 0 339
0 1 341
0 4 348
0 6 354
0 9 364
0 10 365
0 11 366
0 12 373
0 16 400
0 19 390
1 0 338
1 2 343
1 4 349
1 6 355
1 9 363
1 11 372
1 13 380
1 14 383
2 2 335
2 5 350
2 6 351
2 7 356
2 10 368
2 14 384
2 17 393
2 18 388
3 1 333
3 2 334
3 4 325
3 5 324
3 6 323
3 9 320
3 10 319
3 12 370
3 14 378
3 15 385
3 16 386
3 18 310
3 19 308
4 3 18
4 4 17
4 5 16
4 7 296
4 8 297
4 9 298
4 12 316
4 13 315
4 14 314
4 15 313
4 17 311
5 3 4
5 4 1
5 5 13
5 6 15
5 7 294
5 9 292
5 11 300
5 13 302
5 14 303
5 19 280
6 0 22
6 1 20
6 4 3
6 6 14
6 13 287
7 0 21
7 3 6
7 6 240
7 8 267
7 10 271
7 11 272
7 13 274
7 17 278
7 18 255
8 11 262
8 12 261
8 14 259
8 16 257
8 17 256
8 19 219
9 1 195
9 3 202
9 4 234
9 5 235
9 9 243
9 11 245
9 12 246
9 15 249
9 16 250
9 18 220
9 19 218
10 0 27
10 1 194
10 3 201
10 5 233
10 6 232
10 9 229
10 11 227
10 13 225
10 16 222
11 0 28
11 1 157
11 2 193
11 6 205
11 9 208
11 10 209
11 11 210
11 13 212
11 14 213
11 15 214
11 16 215
11 18 177
11 19 175
12 1 156
12 4 191
12 5 190
12 6 189
12 7 188
12 8 187
12 10 185
12 12 183
12 13 182
12 15 180
12 16 179
12 17 178
12 18 174
13 0 30
13 2 155
13 5 161
13 7 163
13 8 164
13 11 167
13 12 168
13 13 169
13 14 170
13 16 172
13 18 139
13 19 137
14 1 118
14 2 120
14 4 153
14 5 152
14 7 150
14 15 142
14 17 140
15 0 32
15 1 81
15 4 122
15 5 123
15 6 124
15 8 126
15 13 131
15 14 132
15 16 134
15 17 135
15 18 101
15 19 99
16 0 33
16 6 113
16 7 112
16 9 110
16 14 105
16 16 103
16 17 102
16 18 98
17 0 34
17 1 40
17 2 79
17 3 83
17 4 84
17 5 85
17 6 86
17 7 87
17 8 88
17 13 93
17 14 94
17 15 95
17 18 63
18 1 39
18 2 41
18 3 78
18 4 77
18 6 75
18 10 71
18 12 69
18 13 68
18 14 67
18 15 66
18 16 65
18 19 59
19 3 42
19 4 43
19 5 44
19 7 46
19 11 50
19 14 53
19 15 54
19 17 56
19 18 57
19 19 58
Total time generating the Txt is 0.005 seconds