20 21 3 210
0 0 25
0 1 24
0 2 23
0 3 19
0 7 114
0 8 115
0 9 117
0 11 131
0 12 132
0 14 146
0 16 160
0 17 173
0 20 188
1 0 26
1 2 28
1 3 22
1 5 17
1 6 14
1 7 113
1 8 116
1 10 130
1 14 158
1 16 172
1 18 186
1 20 189
2 0 34
2 2 30
2 3 29
2 4 21
2 7 13
2 9 120
2 10 129
2 11 134
2 12 143
2 13 148
2 14 157
2 16 171
2 20 192
3 1 36
3 2 32
3 3 31
3 4 10
3 5 3
3 7 5
3 8 111
3 11 135
3 12 142
3 13 149
3 16 170
3 17 177
3 20 193
4 0 37
4 2 70
4 4 9
4 6 1
4 7 6
4 8 110
4 9 122
4 10 127
4 11 136
4 12 141
4 17 178
5 0 39
5 2 72
5 3 73
5 4 74
5 5 8
5 6 7
5 7 107
5 8 109
5 9 123
5 10 126
5 13 151
5 14 154
5 15 165
5 16 168
5 17 179
5 20 197
6 0 40
6 1 68
6 3 76
6 10 138
6 11 139
6 12 152
6 15 167
6 18 201
6 19 200
7 3 79
7 6 214
7 9 211
7 10 210
7 14 206
7 15 205
7 16 204
7 19 385
7 20 386
8 2 80
8 3 103
8 11 289
8 12 312
8 14 336
8 15 337
8 18 384
8 19 388
9 0 43
9 1 65
9 4 218
9 5 239
9 6 242
9 8 266
9 9 287
9 11 311
9 12 314
9 13 335
9 15 359
9 18 389
9 19 390
9 20 391
10 0 44
10 2 82
10 3 101
10 4 219
10 6 243
10 9 286
10 11 310
10 12 315
10 15 358
10 19 393
11 0 45
11 1 63
11 4 220
11 7 261
11 9 285
11 11 309
11 12 316
11 14 340
11 15 357
11 16 364
11 17 381
11 18 395
11 19 396
11 20 397
12 0 46
12 1 62
12 2 84
12 3 99
12 8 269
12 12 317
12 16 365
12 17 380
13 1 61
13 4 222
13 5 235
13 7 259
13 8 270
13 9 283
13 10 294
13 11 307
13 12 318
13 14 342
13 16 366
13 18 401
13 20 403
14 0 48
14 1 60
14 11 306
14 12 319
14 14 343
14 15 354
15 1 59
15 2 87
15 3 96
15 4 224
15 10 296
15 11 305
15 20 409
16 2 88
16 7 256
16 11 304
16 14 345
16 15 352
16 17 376
16 19 411
17 0 51
17 2 89
17 4 226
17 6 250
17 8 274
17 10 298
17 13 327
17 14 346
17 15 351
17 16 370
17 17 375
17 19 415
17 20 416
18 7 254
18 8 275
18 13 326
18 19 418
19 0 53
19 3 91
19 4 92
19 5 228
19 6 229
19 11 300
19 14 325
19 15 348
19 19 419
19 20 420
Total time generating the Txt is 0.017 seconds