21 21 3 220
0 1 364
0 4 321
0 8 237
0 9 115
0 13 67
1 0 366
1 2 368
1 5 320
1 9 236
1 10 116
1 11 113
1 13 86
1 14 68
1 17 48
1 20 32
2 0 373
2 1 372
2 3 369
2 5 324
2 6 319
2 8 277
2 9 240
2 10 235
2 12 112
2 17 52
2 18 47
2 20 31
3 2 376
3 3 370
3 5 325
3 6 318
3 8 276
3 9 241
3 10 234
3 11 118
3 12 111
3 13 91
3 15 70
3 16 63
3 17 53
3 18 46
4 0 381
4 1 380
4 2 379
4 3 377
4 4 359
4 5 326
4 6 317
4 8 275
4 9 242
4 13 92
4 14 83
4 16 62
4 18 45
4 20 29
5 0 382
5 1 383
5 3 378
5 5 327
5 8 274
5 9 243
5 11 120
5 15 72
5 16 61
6 0 389
6 4 357
6 5 328
6 7 286
6 13 94
6 17 56
6 19 27
7 0 390
7 6 314
7 7 287
7 8 272
7 9 245
7 11 122
7 12 107
7 16 59
7 19 25
7 20 23
8 1 396
8 2 395
8 3 393
8 5 330
8 7 288
8 8 271
8 13 96
8 15 75
8 16 58
8 17 17
8 18 18
8 19 22
8 20 21
9 3 394
9 5 331
9 7 289
9 8 270
9 10 228
9 12 105
9 13 97
9 17 14
9 18 16
9 20 20
10 3 401
10 4 353
10 5 332
10 7 290
10 15 9
10 16 10
10 17 12
11 2 408
11 3 402
11 6 310
11 8 268
11 12 103
11 19 138
12 0 413
12 1 412
12 2 411
12 3 409
12 5 334
12 7 292
12 9 250
12 12 102
12 14 4
12 15 3
12 17 133
12 19 141
12 20 139
13 0 414
13 1 415
13 2 416
13 5 335
13 6 308
13 7 293
13 9 251
13 14 1
13 15 2
14 2 419
14 3 417
14 4 349
14 12 208
14 16 166
14 17 165
14 20 146
15 3 418
15 4 348
15 5 337
15 6 306
15 7 295
15 8 264
15 9 253
15 10 222
15 11 211
15 13 196
15 17 167
16 0 441
16 2 437
16 3 425
16 4 347
16 8 263
16 9 254
16 10 221
16 11 212
16 12 206
16 13 197
16 14 195
16 17 177
16 18 168
16 19 163
16 20 151
17 1 438
17 4 346
17 5 339
17 6 304
17 8 262
17 9 255
17 11 213
17 12 205
17 14 194
17 16 183
17 17 176
17 20 152
18 0 433
18 1 434
18 2 435
18 4 345
18 7 298
18 11 214
18 13 199
18 15 186
18 17 175
18 18 170
19 0 431
19 4 341
19 6 299
19 7 260
19 8 257
19 10 215
19 11 203
19 12 200
19 14 189
19 15 187
19 16 174
19 17 171
19 19 157
19 20 154
20 0 430
20 1 429
20 2 343
20 4 301
20 5 300
20 6 259
20 9 216
20 13 190
20 16 172
20 17 159
20 18 158
20 20 155
Total time generating the Txt is 0.007 seconds