23 23 3 264
0 2 528
0 3 529
0 6 503
0 7 502
0 9 494
0 10 487
0 12 479
0 13 478
0 15 470
0 16 463
0 19 454
0 20 447
0 21 446
0 22 445
1 0 518
1 1 521
1 2 527
1 4 525
1 5 512
1 6 509
1 7 504
1 9 496
1 12 485
1 13 480
1 15 472
1 16 469
1 17 464
1 18 461
1 22 444
2 0 421
2 5 513
2 7 505
2 8 500
2 9 497
2 12 484
2 13 481
2 16 468
2 19 457
2 20 452
2 21 449
3 4 514
3 7 499
3 8 498
3 9 491
3 10 490
3 12 482
3 14 474
3 17 459
3 18 458
3 20 450
3 21 442
3 22 398
4 1 419
4 4 425
4 5 426
4 6 427
4 7 428
4 8 429
4 9 430
4 11 432
4 12 433
4 16 437
4 21 399
4 22 397
5 3 417
5 7 413
5 8 412
5 9 411
5 11 409
5 12 408
5 14 406
5 16 404
5 18 402
5 19 401
5 21 396
5 22 352
6 1 373
6 2 377
6 3 378
6 4 379
6 5 380
6 8 383
6 10 385
6 11 386
6 12 387
6 15 390
6 16 391
6 17 392
6 18 393
6 19 394
6 22 351
7 1 330
7 9 365
7 10 364
7 11 363
7 12 362
7 17 357
7 19 355
7 20 354
7 21 350
8 2 331
8 3 332
8 5 334
8 8 337
8 11 340
8 12 341
8 13 342
8 15 344
8 19 348
8 20 349
9 1 284
9 2 326
9 4 324
9 5 323
9 10 318
9 13 315
9 16 312
9 18 310
9 21 304
9 22 260
10 0 237
10 1 281
10 6 289
10 10 293
10 12 295
10 13 296
10 14 297
10 15 298
10 20 303
10 21 261
10 22 259
11 2 280
11 3 279
11 4 278
11 5 277
11 6 276
11 9 273
11 11 271
11 12 270
11 16 266
11 18 264
11 20 262
12 1 235
12 2 239
12 3 240
12 5 242
12 6 243
12 10 247
12 11 248
12 12 249
12 15 252
12 18 255
12 20 257
12 21 215
13 1 192
13 3 233
13 5 231
13 6 230
13 7 229
13 8 228
13 9 227
13 10 226
13 11 225
13 14 222
13 16 220
13 20 216
13 21 212
14 3 194
14 7 198
14 9 200
14 10 201
14 12 203
14 15 206
14 17 208
14 21 169
15 1 21
15 2 188
15 3 187
15 7 183
15 8 182
15 10 180
15 11 179
15 20 170
16 1 18
16 2 22
16 3 148
16 4 149
16 6 151
16 7 152
16 8 153
16 10 155
16 11 156
16 12 157
16 13 158
16 14 159
16 18 163
17 3 23
17 5 146
17 6 145
17 9 142
17 10 141
17 13 138
17 14 137
17 17 134
17 18 133
17 20 131
17 21 127
18 7 113
18 9 115
18 10 116
18 11 117
18 12 118
18 18 124
18 21 95
19 2 1
19 9 107
19 10 106
19 11 105
19 12 104
19 15 101
19 16 100
19 17 99
19 18 98
19 21 92
19 22 54
20 0 8
20 1 2
20 3 31
20 4 72
20 5 73
20 7 78
20 8 79
20 10 81
20 11 82
20 12 83
20 16 87
20 17 88
20 18 89
20 19 90
21 3 30
21 5 71
21 6 70
21 7 69
21 9 67
21 10 66
21 14 62
21 18 58
21 19 57
21 21 52
22 1 5
22 4 29
22 6 34
22 7 35
22 8 36
22 9 37
22 11 39
22 12 40
22 13 41
22 14 42
22 15 43
22 17 45
22 18 46
22 21 49
22 22 50
Total time generating the Txt is 0.01 seconds