25 25 2 375
0 0 31
0 2 29
0 3 28
0 6 25
0 7 24
0 8 23
0 9 22
0 11 20
0 12 19
0 13 18
0 14 17
0 15 16
0 16 15
0 17 14
0 18 13
0 19 12
0 21 8
0 24 4
1 0 32
1 5 130
1 7 178
1 8 225
1 12 321
1 15 370
1 16 417
1 17 418
1 18 465
1 23 6
1 24 3
2 0 34
2 1 80
2 2 83
2 3 128
2 5 176
2 6 179
2 10 275
2 11 320
2 16 419
2 17 464
2 18 470
2 20 468
2 22 517
2 23 1
3 0 35
3 2 84
3 3 127
3 5 175
3 6 180
3 7 223
3 8 228
3 9 271
3 12 324
3 15 415
3 16 420
3 17 463
3 18 471
3 20 515
3 21 518
3 23 562
4 1 78
4 2 85
4 3 126
4 8 229
4 9 270
4 10 277
4 11 318
4 13 366
4 16 421
4 17 462
4 21 560
4 23 565
5 0 37
5 1 77
5 2 86
5 3 125
5 4 134
5 5 173
5 6 182
5 8 230
5 10 278
5 11 317
5 13 365
5 14 374
5 15 413
5 18 474
5 19 513
5 20 520
5 21 559
5 22 567
5 23 568
5 24 569
6 0 38
6 1 76
6 2 87
6 4 135
6 5 172
6 9 268
6 10 279
6 11 316
6 13 364
6 14 375
6 15 412
6 16 423
6 17 460
6 21 558
6 23 571
7 0 39
7 5 171
7 6 184
7 7 219
7 10 280
7 12 328
7 13 363
7 14 376
7 16 424
7 17 459
7 18 476
7 19 511
7 20 522
7 24 575
8 0 40
8 1 74
8 5 170
8 9 266
8 10 281
8 13 362
8 18 477
8 19 510
8 20 523
8 21 556
8 22 578
8 24 576
9 4 138
9 5 169
9 8 234
9 15 409
9 16 426
9 17 457
9 22 579
9 23 580
10 0 42
10 1 72
10 4 139
10 5 168
10 12 331
10 13 360
10 15 408
10 16 427
10 17 456
10 18 479
10 19 508
10 21 554
10 22 584
10 23 583
11 0 43
11 1 71
11 3 119
11 4 140
11 5 167
11 6 188
11 7 215
11 8 236
11 12 332
11 13 359
11 14 380
11 16 428
11 17 455
11 18 480
11 19 507
11 20 526
11 21 553
11 22 585
11 23 586
11 24 587
12 0 44
12 1 70
12 2 93
12 6 189
12 7 214
12 8 237
12 10 285
12 11 310
12 12 333
12 15 406
12 17 454
12 20 527
12 21 552
12 22 590
12 23 589
13 0 45
13 1 69
13 2 94
13 3 117
13 5 165
13 6 190
13 8 238
13 9 261
13 13 357
13 14 382
13 16 430
13 17 453
13 18 482
13 19 505
13 21 551
13 22 591
13 24 593
14 0 46
14 4 143
14 6 191
14 8 239
14 9 260
14 10 287
14 11 308
14 12 335
14 13 356
14 14 383
14 15 404
14 16 431
14 18 483
14 19 504
14 20 529
14 24 594
15 0 47
15 1 67
15 2 96
15 6 192
15 7 211
15 9 259
15 12 336
15 13 355
15 14 384
15 15 403
15 16 432
15 17 451
15 18 484
15 19 503
15 20 530
15 21 549
15 22 597
15 24 599
16 0 48
16 1 66
16 2 97
16 3 114
16 6 193
16 8 241
16 10 289
16 14 385
16 18 485
16 20 531
16 21 548
16 22 602
16 23 601
16 24 600
17 1 65
17 2 98
17 3 113
17 4 146
17 7 209
17 9 257
17 10 290
17 11 305
17 12 338
17 13 353
17 16 434
17 17 449
17 19 501
17 21 547
17 23 604
18 0 50
18 2 99
18 3 112
18 4 147
18 7 208
18 10 291
18 11 304
18 12 339
18 16 435
18 17 448
18 19 500
18 21 546
18 23 607
19 0 51
19 1 63
19 2 100
19 3 111
19 4 148
19 5 159
19 7 207
19 8 244
19 10 292
19 13 351
19 15 399
19 16 436
19 19 499
19 20 534
19 23 610
20 1 62
20 2 101
20 4 149
20 7 206
20 9 254
20 10 293
20 11 302
20 12 341
20 13 350
20 14 389
20 15 398
20 16 437
20 19 498
20 21 544
20 23 613
20 24 612
21 1 61
21 2 102
21 4 150
21 7 205
21 9 253
21 10 294
21 11 301
21 12 342
21 13 349
21 15 397
21 16 438
21 17 445
21 20 536
21 21 543
21 23 616
21 24 617
22 2 103
22 3 108
22 4 151
22 5 156
22 6 199
22 7 204
22 9 252
22 10 295
22 13 348
22 15 396
22 17 444
22 18 491
22 19 496
22 23 619
23 1 59
23 2 104
23 4 152
23 6 200
23 8 248
23 9 251
23 13 347
23 14 392
23 15 395
23 17 443
23 18 492
23 19 495
23 21 541
23 22 621
23 24 623
24 1 57
24 2 58
24 3 105
24 6 154
24 8 202
24 9 249
24 10 250
24 11 297
24 12 298
24 13 345
24 14 346
24 16 394
24 19 493
24 20 494
24 21 539
24 22 540
24 23 625
Total time generating the Txt is 0.023 seconds