25 25 2 375
0 0 242
0 1 243
0 3 246
0 4 258
0 5 260
0 6 261
0 8 274
0 11 311
0 12 312
0 13 336
0 23 546
1 0 241
1 1 244
1 5 262
1 7 275
1 8 289
1 9 292
1 10 310
1 12 335
1 16 395
1 17 398
1 18 445
1 19 448
1 20 495
1 22 545
1 23 549
2 0 240
2 1 248
2 2 250
2 4 263
2 5 271
2 6 276
2 7 288
2 10 314
2 11 334
2 12 339
2 13 363
2 14 368
2 16 399
2 20 499
2 21 544
2 22 550
2 23 552
2 24 553
3 0 239
3 1 249
3 2 251
3 4 264
3 5 270
3 6 277
3 7 287
3 9 308
3 10 315
3 13 362
3 14 369
3 15 393
3 16 400
3 17 443
3 19 493
3 20 500
3 22 551
3 23 555
3 24 554
4 0 235
4 1 238
4 2 252
4 3 254
4 4 265
4 8 295
4 10 316
4 11 332
4 12 341
4 14 370
4 16 401
4 17 442
4 19 492
4 21 542
5 0 234
5 1 236
5 4 266
5 6 279
5 9 306
5 10 317
5 11 331
5 14 371
5 17 441
5 18 452
5 20 502
5 22 557
5 24 560
6 0 232
6 2 230
6 4 228
6 5 267
6 7 284
6 9 305
6 11 330
6 13 359
6 17 440
6 18 453
6 21 540
6 23 564
6 24 565
7 0 34
7 1 231
7 2 32
7 3 206
7 6 281
7 8 298
7 9 304
7 11 329
7 15 389
7 17 439
7 19 489
7 20 504
7 21 539
7 24 566
8 0 35
8 2 31
8 3 29
8 5 208
8 6 226
8 8 299
8 11 328
8 12 345
8 13 357
8 15 388
8 16 405
8 19 488
8 20 505
8 22 568
8 24 571
9 1 37
9 4 26
9 5 204
9 7 225
9 8 300
9 9 302
9 10 321
9 11 327
9 13 356
9 15 387
9 16 406
9 17 437
9 18 456
9 20 506
9 21 537
9 22 569
9 23 573
9 24 572
10 2 41
10 3 27
10 5 23
10 7 210
10 8 224
10 11 326
10 12 347
10 14 376
10 17 436
10 18 457
10 19 486
10 20 507
10 21 536
10 24 577
11 0 39
11 1 42
11 2 72
11 3 73
11 4 24
11 5 22
11 8 211
11 9 223
11 10 323
11 11 325
11 12 348
11 13 354
11 14 377
11 15 385
11 17 435
11 21 535
11 22 575
11 23 579
12 0 43
12 1 71
12 4 77
12 6 19
12 9 212
12 14 378
12 15 384
12 17 434
12 18 459
12 20 509
12 21 534
12 22 580
12 24 583
13 0 44
13 1 70
13 3 78
13 4 101
13 6 18
13 7 16
13 9 200
13 12 350
13 13 352
13 14 379
13 16 410
13 17 433
13 18 460
13 20 510
13 21 533
13 23 585
13 24 584
14 0 45
14 1 69
14 5 105
14 7 15
14 8 13
14 11 214
14 12 220
14 14 380
14 15 382
14 17 432
14 18 461
14 19 482
14 22 589
14 23 588
14 24 586
15 0 46
15 1 68
15 2 80
15 3 99
15 4 104
15 6 126
15 8 12
15 11 198
15 13 219
15 15 412
15 17 462
15 18 481
15 19 512
15 20 531
15 23 593
16 0 47
16 1 67
16 3 98
16 4 108
16 9 9
16 10 7
16 11 5
16 12 197
16 14 218
16 16 430
16 18 480
16 19 513
16 22 597
16 23 596
17 1 66
17 3 97
17 4 109
17 8 147
17 11 4
17 12 2
17 14 217
17 16 429
17 19 514
17 20 529
17 21 598
17 22 600
17 23 601
17 24 595
18 0 49
18 2 83
18 4 110
18 5 123
18 8 149
18 9 151
18 10 152
18 12 1
18 14 195
18 17 465
18 18 478
18 20 528
18 22 605
18 23 604
18 24 602
19 0 50
19 3 95
19 4 111
19 5 122
19 6 134
19 7 145
19 8 150
19 9 153
19 10 164
19 12 181
19 13 183
19 15 416
19 16 427
19 17 466
19 18 477
19 19 516
19 22 608
19 23 609
19 24 603
20 0 51
20 1 63
20 3 94
20 4 112
20 5 121
20 6 135
20 8 154
20 10 165
20 12 180
20 15 417
20 17 467
20 18 476
20 19 517
20 21 607
20 22 613
20 24 610
21 1 62
21 2 86
21 3 93
21 5 120
21 6 136
21 9 162
21 11 170
21 12 179
21 13 185
21 14 192
21 15 418
21 16 425
21 20 525
21 22 616
21 23 617
21 24 611
22 2 87
22 6 137
22 8 156
22 9 161
22 10 169
22 11 171
22 12 178
22 13 186
22 15 419
22 23 620
23 0 54
23 2 60
23 3 88
23 5 115
23 7 138
23 10 160
23 11 172
23 13 177
23 14 187
23 15 190
23 18 470
23 20 520
23 21 523
23 22 619
23 23 624
24 2 58
24 5 90
24 7 117
24 8 139
24 11 159
24 12 173
24 13 175
24 14 176
24 15 188
24 16 189
24 19 471
24 20 472
24 21 521
24 23 625
Total time generating the Txt is 0.019 seconds