30 30 1 720
0 0 222
0 2 181
0 3 180
0 4 144
0 5 143
0 6 90
0 7 89
0 8 83
0 9 82
0 10 72
0 12 59
0 13 58
0 14 56
0 15 55
0 16 53
0 17 51
0 20 289
0 22 292
0 23 296
0 25 347
0 26 348
0 27 402
0 28 403
0 29 404
1 0 224
1 1 223
1 3 182
1 4 179
1 5 145
1 6 142
1 7 91
1 8 88
1 9 84
1 10 81
1 11 73
1 12 70
1 13 60
1 14 57
1 15 54
1 16 52
1 20 290
1 21 293
1 22 295
1 23 298
1 25 349
1 27 788
1 28 406
1 29 405
2 1 225
2 2 219
2 4 178
2 6 141
2 8 87
2 9 85
2 10 80
2 11 74
2 12 69
2 14 37
2 15 38
2 17 43
2 19 46
2 20 287
2 21 294
2 24 350
2 26 790
2 27 789
2 28 787
2 29 407
3 0 228
3 1 227
3 2 218
3 3 184
3 4 177
3 5 147
3 6 140
3 8 86
3 9 79
3 10 75
3 11 68
3 12 62
3 13 36
3 14 35
3 15 34
3 18 42
3 19 45
3 20 286
3 21 300
3 23 351
3 24 399
3 25 794
3 26 793
3 27 791
3 28 786
3 29 408
4 0 230
4 1 229
4 3 185
4 5 148
4 6 139
4 7 94
4 8 78
4 9 76
4 11 63
4 12 23
4 13 24
4 14 25
4 15 29
4 16 30
4 17 32
4 18 41
4 19 285
4 21 343
4 22 352
4 23 398
4 24 798
4 25 797
4 26 795
4 27 792
4 28 785
4 29 409
5 0 232
5 1 231
5 2 216
5 3 186
5 4 175
5 6 138
5 7 95
5 8 77
5 9 66
5 10 64
5 12 18
5 13 17
5 14 16
5 16 28
5 17 31
5 18 284
5 20 342
5 21 353
5 22 397
5 23 802
5 24 801
5 25 799
5 26 796
5 27 784
5 28 735
5 29 410
6 1 233
6 3 187
6 4 174
6 5 150
6 7 105
6 8 96
6 9 65
6 11 19
6 13 12
6 14 13
6 15 15
6 16 27
6 17 283
6 18 303
6 20 354
6 21 396
6 22 806
6 26 783
6 28 734
6 29 411
7 0 236
7 1 235
7 2 214
7 3 188
7 4 173
7 5 151
7 7 106
7 8 104
7 9 97
7 10 20
7 11 10
7 12 3
7 13 2
7 14 5
7 15 14
7 16 282
7 17 304
7 18 340
7 19 355
7 20 395
7 22 809
7 23 807
7 24 804
7 27 733
7 28 688
8 1 237
8 2 213
8 3 189
8 4 172
8 5 152
8 7 114
8 8 107
8 9 103
8 10 98
8 12 1
8 13 4
8 14 6
8 15 281
8 16 305
8 17 339
8 18 356
8 19 394
8 20 814
8 21 813
8 22 811
8 23 808
8 26 732
8 28 687
8 29 413
9 0 240
9 1 239
9 2 212
9 5 153
9 6 134
9 7 115
9 8 113
9 9 108
9 10 102
9 14 280
9 15 306
9 17 357
9 18 393
9 20 817
9 22 812
9 23 780
9 24 739
9 25 731
9 26 690
9 27 686
9 28 645
9 29 414
10 1 241
10 2 211
10 4 170
10 6 133
10 7 121
10 9 112
10 11 101
10 12 100
10 13 279
10 14 307
10 15 337
10 16 358
10 17 392
10 18 822
10 20 819
10 21 816
10 23 740
10 24 730
10 25 691
10 27 646
10 28 644
11 1 243
11 2 210
11 3 192
11 4 169
11 5 155
11 6 132
11 7 122
11 8 120
11 9 117
11 10 111
11 11 110
11 12 278
11 13 308
11 14 336
11 15 359
11 16 391
11 17 826
11 18 825
11 19 823
11 20 820
11 22 741
11 23 729
11 24 692
11 25 684
11 26 647
11 27 643
11 28 606
11 29 416
12 0 246
12 1 245
12 2 209
12 3 193
12 4 168
12 6 131
12 7 126
12 8 123
12 9 119
12 10 118
12 11 277
12 13 335
12 14 360
12 15 390
12 17 829
12 18 827
12 19 824
12 20 777
12 21 742
12 22 728
12 23 693
12 24 683
12 25 648
12 26 642
12 27 607
12 28 605
12 29 417
13 1 247
13 2 208
13 3 194
13 4 167
13 5 157
13 6 130
13 7 127
13 9 124
13 10 276
13 12 334
13 13 361
13 14 389
13 15 834
13 16 833
13 17 831
13 18 828
13 19 776
13 20 743
13 21 727
13 22 694
13 23 682
13 25 641
13 26 608
13 28 571
13 29 418
14 0 250
14 2 207
14 3 195
14 4 166
14 5 161
14 6 158
14 7 129
14 8 128
14 9 275
14 10 311
14 11 333
14 12 362
14 14 838
14 15 837
14 17 832
14 18 775
14 19 744
14 20 726
14 21 695
14 22 681
14 23 650
14 24 640
14 25 609
14 26 603
14 27 572
14 28 570
15 0 252
15 1 251
15 2 206
15 3 196
15 4 165
15 6 160
15 7 159
15 8 274
15 9 312
15 10 332
15 11 363
15 12 387
15 13 842
15 14 841
15 15 839
15 16 836
15 17 774
15 19 725
15 20 696
15 21 680
15 24 610
15 25 602
15 26 573
15 28 540
16 0 254
16 3 200
16 4 197
16 5 164
16 6 163
16 7 273
16 8 313
16 9 331
16 10 364
16 11 386
16 12 846
16 13 845
16 14 843
16 15 840
16 19 697
16 20 679
16 21 652
16 23 611
16 24 601
16 25 574
16 26 568
16 27 541
16 29 421
17 1 256
17 3 201
17 4 199
17 5 198
17 6 272
17 7 314
17 8 330
17 9 365
17 10 385
17 11 850
17 12 849
17 13 847
17 16 747
17 17 723
17 18 698
17 19 678
17 20 653
17 21 637
17 22 612
17 23 600
17 24 575
17 25 567
17 26 542
17 27 538
17 28 513
17 29 422
18 0 257
18 1 258
18 2 262
18 3 203
18 4 202
18 6 315
18 7 329
18 8 366
18 9 384
18 10 854
18 11 853
18 12 851
18 13 848
18 14 771
18 15 748
18 16 722
18 17 699
18 18 677
18 19 654
18 20 636
18 23 576
18 24 566
18 25 543
18 26 537
18 27 514
18 28 512
18 29 423
19 0 259
19 1 261
19 2 263
19 3 269
19 4 270
19 5 316
19 6 328
19 7 367
19 8 383
19 9 858
19 10 857
19 13 770
19 14 749
19 16 700
19 17 676
19 18 655
19 19 635
19 21 598
19 23 565
19 24 544
19 25 536
19 27 511
19 28 490
19 29 424
20 0 260
20 1 264
20 2 268
20 3 318
20 4 317
20 5 327
20 7 382
20 8 862
20 9 861
20 10 859
20 11 856
20 12 769
20 13 750
20 16 675
20 17 656
20 19 615
20 20 597
20 21 578
20 24 535
20 25 516
20 26 510
20 28 489
20 29 425
21 0 265
21 1 267
21 2 319
21 3 325
21 4 326
21 5 369
21 6 381
21 8 865
21 9 863
21 10 860
21 11 768
21 13 719
21 14 702
21 15 674
21 16 657
21 17 633
21 18 616
21 19 596
21 24 517
21 25 509
21 26 492
21 27 488
21 28 471
22 0 266
22 1 320
22 2 324
22 3 371
22 5 380
22 6 870
22 7 869
22 8 867
22 9 864
22 10 767
22 11 752
22 13 703
22 14 673
22 15 658
22 17 617
22 19 580
22 20 562
22 22 533
22 23 518
22 24 508
22 25 493
22 26 487
22 27 472
22 28 470
22 29 427
23 0 321
23 1 323
23 2 372
23 4 379
23 5 874
23 6 873
23 7 871
23 9 766
23 10 753
23 11 717
23 12 704
23 15 631
23 16 618
23 18 581
23 19 561
23 20 548
23 21 532
23 22 519
23 23 507
23 24 494
23 25 486
23 26 473
23 27 469
23 29 428
24 0 322
24 1 373
24 2 377
24 3 896
24 4 878
24 5 877
24 6 875
24 7 872
24 8 765
24 9 754
24 10 716
24 11 705
24 12 671
24 13 660
24 14 630
24 16 593
24 17 582
24 18 560
24 19 549
24 20 531
24 22 506
24 23 495
24 24 485
24 25 474
24 26 468
24 27 457
24 29 429
25 0 374
25 1 376
25 3 900
25 4 895
25 5 879
25 6 876
25 8 755
25 9 715
25 11 670
25 12 661
25 13 629
25 14 620
25 15 592
25 16 583
25 17 559
25 18 550
25 22 496
25 23 484
25 24 475
25 25 467
25 26 458
25 29 430
26 0 375
26 2 899
26 3 898
26 4 894
26 6 763
26 7 756
26 9 707
26 10 669
26 11 662
26 12 628
26 13 621
26 14 591
26 16 558
26 18 529
26 19 522
26 20 504
26 21 497
26 22 483
26 23 476
26 25 459
26 26 453
26 27 446
26 28 444
27 0 887
27 2 892
27 3 893
27 6 757
27 9 668
27 10 663
27 11 627
27 13 590
27 14 585
27 16 552
27 17 528
27 19 503
27 20 498
27 21 482
27 22 477
27 23 465
27 24 460
27 26 447
27 27 443
27 29 432
28 0 886
28 1 888
28 2 889
28 3 882
28 4 761
28 6 712
28 10 626
28 14 556
28 15 553
28 16 527
28 17 524
28 18 502
28 19 499
28 20 481
28 21 478
28 22 464
28 23 461
28 24 451
28 25 448
28 26 442
28 28 437
28 29 433
29 0 885
29 1 884
29 2 883
29 3 760
29 4 759
29 5 711
29 7 666
29 8 665
29 9 625
29 11 588
29 12 587
29 13 555
29 15 526
29 16 525
29 17 501
29 18 500
29 19 480
29 20 479
29 23 450
29 24 449
29 26 440
29 27 436
29 29 434
Total time generating the Txt is 0.035 seconds