40 40 2 960
0 1 71
0 2 73
0 6 186
0 10 346
0 11 347
0 12 426
0 13 427
0 14 506
0 15 507
0 17 587
0 18 666
0 19 667
0 20 746
0 22 826
0 24 906
0 25 907
0 30 1146
0 33 1227
0 35 1307
0 37 1387
0 38 1466
0 39 1467
1 0 69
1 1 72
1 3 105
1 4 108
1 9 345
1 10 348
1 11 425
1 12 428
1 14 508
1 16 588
1 17 665
1 18 668
1 20 748
1 21 825
1 23 905
1 24 908
1 25 985
1 27 1065
1 28 1068
1 29 1145
1 30 1148
1 31 1225
1 35 1385
1 37 1465
1 38 1469
2 1 76
2 2 104
2 6 264
2 8 344
2 12 504
2 14 584
2 15 589
2 16 664
2 17 669
2 18 744
2 19 749
2 20 824
2 24 984
2 25 989
2 26 1064
2 27 1069
2 28 1144
2 29 1149
2 31 1229
2 32 1304
2 35 1389
2 37 1470
2 38 1472
2 39 1473
3 0 67
3 1 77
3 5 190
3 7 270
3 10 423
3 11 430
3 12 503
3 13 510
3 15 590
3 16 663
3 18 743
3 19 750
3 20 823
3 21 830
3 23 910
3 24 983
3 25 990
3 26 1063
3 27 1070
3 28 1143
3 32 1303
3 33 1310
3 35 1390
3 38 1475
3 39 1474
4 1 78
4 2 102
4 3 111
4 4 182
4 6 262
4 7 271
4 8 342
4 10 422
4 11 431
4 12 502
4 13 511
4 15 591
4 16 662
4 17 671
4 18 742
4 21 831
4 23 911
4 25 991
4 27 1071
4 32 1302
4 34 1382
4 37 1476
4 38 1478
4 39 1479
5 0 65
5 1 79
5 3 112
5 4 181
5 5 192
5 6 261
5 8 341
5 10 421
5 15 592
5 16 661
5 17 672
5 18 741
5 25 992
5 29 1152
5 31 1232
5 32 1301
5 36 1461
5 37 1477
5 38 1481
5 39 1480
6 1 80
6 2 100
6 3 113
6 6 260
6 8 340
6 9 353
6 13 513
6 15 593
6 16 660
6 17 673
6 18 740
6 19 753
6 21 833
6 23 913
6 24 980
6 26 1060
6 27 1073
6 28 1140
6 29 1153
6 30 1220
6 31 1233
6 34 1380
6 35 1393
6 37 1482
6 39 1485
7 0 63
7 1 81
7 3 114
7 5 194
7 8 339
7 9 354
7 10 419
7 11 434
7 14 579
7 15 594
7 16 659
7 17 674
7 19 754
7 20 819
7 21 834
7 23 914
7 28 1139
7 29 1154
7 33 1314
7 37 1483
7 38 1487
7 39 1486
8 0 62
8 1 82
8 2 98
8 4 178
8 5 195
8 6 258
8 8 338
8 9 355
8 10 418
8 12 498
8 15 595
8 17 675
8 18 738
8 24 978
8 25 995
8 30 1218
8 32 1298
8 33 1315
8 34 1378
8 35 1395
8 37 1488
8 39 1491
9 0 61
9 1 83
9 2 97
9 6 257
9 8 337
9 14 577
9 15 596
9 16 657
9 18 737
9 19 756
9 20 817
9 21 836
9 23 916
9 25 996
9 26 1057
9 27 1076
9 29 1156
9 31 1236
9 32 1297
9 33 1316
9 36 1457
9 37 1489
10 0 60
10 1 84
10 3 117
10 4 176
10 7 277
10 8 336
10 11 437
10 12 496
10 14 576
10 15 597
10 16 656
10 17 677
10 18 736
10 20 816
10 21 837
10 22 896
10 23 917
10 24 976
10 28 1136
10 31 1237
10 32 1296
10 34 1376
10 38 1496
11 0 59
11 1 85
11 3 118
11 5 198
11 7 278
11 8 335
11 9 358
11 10 415
11 12 495
11 13 518
11 17 678
11 18 735
11 21 838
11 22 895
11 23 918
11 25 998
11 27 1078
11 28 1135
11 29 1158
11 31 1238
11 32 1295
11 35 1398
11 36 1455
11 37 1495
11 39 1498
12 2 94
12 3 119
12 5 199
12 6 254
12 7 279
12 8 334
12 10 414
12 12 494
12 13 519
12 14 574
12 17 679
12 19 759
12 20 814
12 21 839
12 22 894
12 23 919
12 24 974
12 25 999
12 27 1079
12 28 1134
12 29 1159
12 30 1214
12 31 1239
12 33 1319
12 34 1374
12 36 1454
12 37 1500
12 38 1502
12 39 1503
13 2 93
13 4 173
13 5 200
13 13 520
13 16 653
13 18 733
13 20 813
13 21 840
13 22 893
13 24 973
13 27 1080
13 28 1133
13 30 1213
13 31 1240
13 32 1293
13 34 1373
13 37 1501
13 38 1505
14 1 88
14 3 121
14 4 172
14 6 252
14 8 332
14 9 361
14 10 412
14 13 521
14 16 652
14 17 681
14 18 732
14 22 892
14 25 1001
14 26 1052
14 27 1081
14 29 1161
14 30 1212
14 31 1241
14 34 1372
14 37 1506
15 0 55
15 1 89
15 2 91
15 4 171
15 5 202
15 6 251
15 8 331
15 9 362
15 13 522
15 15 602
15 18 731
15 21 842
15 23 922
15 25 1002
15 27 1082
15 28 1131
15 29 1162
15 30 1211
15 31 1242
15 33 1322
15 35 1402
15 38 1511
15 39 1510
16 1 54
16 5 203
16 8 330
16 11 443
16 12 490
16 14 570
16 15 603
16 17 683
16 19 763
16 21 843
16 22 890
16 23 923
16 24 970
16 25 1003
16 27 1083
16 28 1130
16 29 1163
16 39 1515
17 1 1
17 2 53
17 3 124
17 5 204
17 6 249
17 7 284
17 8 329
17 9 364
17 10 409
17 11 444
17 14 569
17 15 604
17 16 649
17 17 684
17 18 729
17 19 764
17 21 844
17 22 889
17 23 924
17 24 969
17 25 1004
17 26 1049
17 27 1084
17 28 1129
17 30 1209
17 32 1289
17 33 1324
17 34 1369
17 35 1404
17 36 1449
17 37 1513
17 38 1517
18 0 4
18 2 52
18 4 168
18 6 248
18 7 285
18 11 445
18 12 488
18 14 568
18 15 605
18 16 648
18 17 685
18 19 765
18 20 808
18 21 845
18 22 888
18 26 1048
18 27 1085
18 28 1128
18 29 1165
18 30 1208
18 33 1325
18 37 1518
18 38 1519
18 39 1520
19 0 5
19 2 51
19 6 247
19 8 327
19 9 366
19 10 407
19 11 446
19 13 526
19 14 567
19 15 606
19 17 686
19 19 766
19 21 846
19 23 926
19 25 1006
19 26 1047
19 28 1127
19 31 1246
19 32 1287
19 33 1326
19 34 1367
19 35 1406
19 37 1524
19 38 1523
19 39 1521
20 0 6
20 2 127
20 3 166
20 4 207
20 6 287
20 8 367
20 9 406
20 10 447
20 14 607
20 17 726
20 21 886
20 22 927
20 23 966
20 24 1007
20 25 1046
20 31 1286
20 34 1407
20 36 1525
20 37 1527
20 38 1528
20 39 1522
21 0 7
21 1 47
21 2 128
21 3 165
21 4 208
21 5 245
21 6 288
21 7 325
21 9 405
21 10 448
21 11 485
21 12 528
21 13 565
21 16 688
21 17 725
21 18 768
21 20 848
21 22 928
21 23 965
21 25 1045
21 26 1088
21 27 1125
21 29 1205
21 30 1248
21 31 1285
21 32 1328
21 33 1365
21 34 1408
21 37 1532
21 38 1531
21 39 1529
22 1 46
22 2 129
22 5 244
22 7 324
22 8 369
22 10 449
22 12 529
22 13 564
22 15 644
22 16 689
22 17 724
22 18 769
22 20 849
22 22 929
22 23 964
22 24 1009
22 25 1044
22 26 1089
22 27 1124
22 29 1204
22 31 1284
22 32 1329
22 34 1409
22 35 1444
22 36 1533
22 37 1535
22 38 1536
23 0 9
23 3 163
23 4 210
23 7 323
23 8 370
23 9 403
23 12 530
23 15 643
23 20 850
23 22 930
23 23 963
23 24 1010
23 25 1043
23 27 1123
23 30 1250
23 32 1330
23 33 1363
23 34 1410
23 37 1540
23 39 1537
24 1 44
24 3 162
24 4 211
24 5 242
24 6 291
24 8 371
24 9 402
24 11 482
24 12 531
24 15 642
24 16 691
24 18 771
24 19 802
24 21 882
24 22 931
24 23 962
24 24 1011
24 25 1042
24 26 1091
24 27 1122
24 28 1171
24 30 1251
24 31 1282
24 32 1331
24 34 1411
24 35 1442
24 36 1541
24 37 1543
24 38 1544
25 0 11
25 1 43
25 3 161
25 4 212
25 5 241
25 6 292
25 7 321
25 8 372
25 11 481
25 12 532
25 13 561
25 15 641
25 16 692
25 17 721
25 18 772
25 21 881
25 22 932
25 25 1041
25 26 1092
25 28 1172
25 29 1201
25 31 1281
25 32 1332
25 34 1412
25 36 1542
25 37 1548
25 39 1545
26 1 42
26 2 133
26 3 160
26 4 213
26 6 293
26 8 373
26 9 400
26 11 480
26 14 613
26 15 640
26 16 693
26 17 720
26 19 800
26 22 933
26 23 960
26 26 1093
26 27 1120
26 28 1173
26 29 1200
26 30 1253
26 32 1333
26 35 1440
26 36 1549
26 37 1551
26 38 1552
26 39 1546
27 1 41
27 2 134
27 3 159
27 4 214
27 8 374
27 9 399
27 10 454
27 11 479
27 12 534
27 13 559
27 14 614
27 15 639
27 16 694
27 17 719
27 18 774
27 19 799
27 21 879
27 22 934
27 23 959
27 24 1014
27 26 1094
27 27 1119
27 28 1174
27 30 1254
27 31 1279
27 32 1334
27 33 1359
27 34 1414
27 35 1439
27 38 1555
27 39 1553
28 0 14
28 2 135
28 3 158
28 4 215
28 5 238
28 6 295
28 7 318
28 8 375
28 10 455
28 12 535
28 13 558
28 14 615
28 18 775
28 19 798
28 22 935
28 26 1095
28 28 1175
28 32 1335
28 33 1358
28 34 1415
28 35 1438
28 37 1559
28 39 1554
29 2 136
29 5 237
29 6 296
29 8 376
29 10 456
29 11 477
29 13 557
29 14 616
29 15 637
29 16 696
29 17 717
29 18 776
29 22 936
29 23 957
29 24 1016
29 25 1037
29 27 1117
29 34 1416
29 35 1437
29 37 1564
29 38 1563
29 39 1561
30 0 16
30 1 38
30 5 236
30 6 297
30 7 316
30 8 377
30 9 396
30 10 457
30 11 476
30 12 537
30 13 556
30 14 617
30 15 636
30 18 777
30 20 857
30 22 937
30 23 956
30 25 1036
30 26 1097
30 28 1177
30 29 1196
30 31 1276
30 33 1356
30 37 1567
30 39 1562
31 0 17
31 1 37
31 3 155
31 4 218
31 5 235
31 6 298
31 8 378
31 11 475
31 12 538
31 13 555
31 16 698
31 18 778
31 19 795
31 20 858
31 21 875
31 23 955
31 24 1018
31 27 1115
31 29 1195
31 33 1355
31 36 1566
31 37 1572
31 38 1571
31 39 1569
32 1 36
32 3 154
32 4 219
32 5 234
32 6 299
32 8 379
32 11 474
32 12 539
32 17 714
32 18 779
32 19 794
32 22 939
32 24 1019
32 25 1034
32 26 1099
32 29 1194
32 30 1259
32 33 1354
32 35 1434
32 38 1576
33 0 19
33 2 140
33 4 220
33 5 233
33 6 300
33 8 380
33 9 393
33 14 620
33 15 633
33 16 700
33 17 713
33 20 860
33 23 953
33 24 1020
33 27 1113
33 29 1193
33 32 1340
33 33 1353
33 34 1420
33 36 1574
33 38 1579
33 39 1577
34 0 20
34 1 34
34 2 141
34 11 472
34 12 541
34 14 621
34 15 632
34 16 701
34 17 712
34 18 781
34 19 792
34 22 941
34 23 952
34 24 1021
34 26 1101
34 28 1181
34 29 1192
34 30 1261
34 31 1272
34 32 1341
34 35 1432
34 36 1581
34 38 1584
34 39 1578
35 0 21
35 1 33
35 2 142
35 3 151
35 6 302
35 11 471
35 12 542
35 13 551
35 15 631
35 16 702
35 17 711
35 18 782
35 20 862
35 23 951
35 25 1031
35 28 1182
35 30 1262
35 32 1342
35 36 1582
35 39 1585
36 0 22
36 2 143
36 3 150
36 4 223
36 6 303
36 7 310
36 8 383
36 9 390
36 10 463
36 14 623
36 16 703
36 18 783
36 19 790
36 20 863
36 22 943
36 24 1023
36 25 1030
36 26 1103
36 27 1110
36 28 1183
36 31 1270
36 32 1343
36 33 1350
36 36 1589
36 37 1591
36 39 1586
37 2 144
37 6 304
37 10 464
37 11 469
37 14 624
37 15 629
37 19 789
37 20 864
37 22 944
37 24 1024
37 25 1029
37 27 1109
37 28 1184
37 29 1189
37 31 1269
37 32 1344
37 33 1349
37 34 1424
37 35 1429
37 36 1590
37 39 1596
38 0 24
38 2 30
38 3 145
38 4 148
38 5 225
38 6 228
38 9 385
38 10 388
38 12 468
38 15 625
38 16 628
38 17 705
38 18 708
38 19 785
38 20 788
38 21 865
38 23 945
38 27 1105
38 30 1188
38 31 1265
38 33 1345
38 34 1348
38 35 1425
38 37 1594
38 39 1597
39 0 25
39 1 26
39 2 28
39 3 29
39 5 147
39 6 226
39 8 306
39 9 307
39 10 386
39 11 387
39 12 466
39 15 547
39 16 626
39 17 627
39 18 706
39 19 707
39 20 786
39 21 787
39 22 866
39 24 946
39 25 947
39 28 1106
39 30 1186
39 31 1187
39 34 1346
39 35 1347
39 36 1426
39 38 1600
Total time generating the Txt is 0.037 seconds