20 20 2 240
0 4 121
0 5 120
0 6 92
0 7 91
0 8 67
0 10 46
0 14 16
0 15 15
0 17 6
0 19 1
1 0 196
1 3 155
1 6 119
1 7 93
1 8 90
1 10 65
1 11 47
1 12 44
1 14 27
1 15 17
1 16 14
1 19 3
2 0 198
2 1 199
2 2 203
2 4 156
2 6 123
2 8 94
2 10 69
2 12 48
2 14 31
2 16 18
2 17 13
2 18 9
2 19 4
3 0 200
3 1 202
3 3 204
3 4 191
3 5 157
3 6 150
3 9 95
3 10 88
3 14 42
3 16 25
3 17 19
3 18 12
4 1 206
4 2 210
4 5 190
4 7 149
4 8 125
4 9 116
4 10 96
4 11 87
4 12 71
4 13 62
4 14 50
4 15 41
4 17 24
4 18 20
4 19 11
5 1 209
5 4 242
5 6 189
5 8 148
5 9 126
5 11 97
5 12 86
5 13 72
5 14 61
5 15 51
5 18 23
5 19 21
6 2 249
6 3 250
6 4 251
6 5 241
6 7 188
6 9 147
6 10 127
6 11 114
6 12 98
6 14 73
6 15 60
6 16 52
6 17 39
6 18 35
7 0 246
7 4 277
7 5 252
7 8 187
7 12 113
7 14 84
7 15 74
7 16 59
7 17 53
7 19 36
8 0 247
8 1 280
8 2 284
8 5 276
8 7 239
8 8 216
8 11 145
8 13 112
8 15 83
8 16 75
8 17 58
9 0 281
9 1 283
9 4 308
9 6 275
9 8 238
9 9 217
9 10 185
9 13 130
9 15 101
9 18 57
9 19 55
10 1 311
10 2 315
10 3 316
10 4 317
10 7 274
10 9 237
10 10 218
10 11 184
10 14 131
10 16 102
10 17 81
10 19 56
11 3 336
11 4 335
11 6 306
11 7 289
11 8 273
11 9 256
11 10 236
11 11 219
11 13 165
11 14 142
11 15 132
11 17 103
11 18 80
11 19 78
12 1 338
12 2 342
12 3 343
12 5 334
12 6 319
12 7 305
12 10 257
12 13 182
12 14 166
12 15 141
13 0 339
13 2 360
13 3 359
13 5 345
13 6 333
13 10 271
13 11 258
13 15 167
13 18 107
13 19 105
14 0 340
14 1 361
14 2 365
14 7 332
14 9 303
14 11 270
14 13 233
14 15 180
14 16 168
14 18 135
15 3 378
15 4 377
15 5 368
15 6 356
15 8 331
15 9 322
15 10 302
15 11 293
15 12 269
15 18 138
15 19 136
16 0 363
16 3 389
16 4 396
16 7 355
16 8 348
16 9 330
16 10 323
16 11 301
16 12 294
16 14 261
16 15 231
16 16 224
16 17 178
16 18 170
16 19 137
17 0 381
17 2 390
17 3 395
17 4 400
17 5 397
17 6 375
17 8 354
17 9 349
17 12 300
17 13 295
17 14 267
17 15 262
17 16 230
17 17 225
17 18 177
17 19 171
18 0 382
18 1 386
18 3 394
18 4 398
18 7 371
18 11 325
18 13 296
18 15 263
18 16 229
18 17 226
18 18 176
19 1 384
19 2 385
19 3 392
19 6 372
19 8 351
19 9 327
19 12 297
19 13 265
19 14 264
19 15 228
19 16 227
Total time generating the Txt is 0.01 seconds