25 25 3 312
0 1 612
0 2 613
0 3 614
0 4 493
0 5 492
0 8 401
0 9 400
0 11 354
0 12 309
0 13 308
0 16 217
0 17 216
0 18 171
0 20 75
0 21 74
0 22 31
0 23 30
0 24 29
1 0 610
1 1 624
1 2 625
1 3 616
1 4 615
1 5 494
1 6 491
1 7 448
1 9 402
1 13 310
1 19 172
1 21 76
1 22 73
1 24 28
2 7 449
2 8 444
2 9 403
2 17 219
2 19 173
2 20 168
2 22 72
2 23 33
3 1 608
3 3 619
3 5 496
3 6 489
3 7 450
3 13 312
3 14 305
3 15 266
3 16 259
3 17 220
3 18 213
3 19 174
3 20 167
3 21 78
3 22 71
4 0 599
4 1 601
4 2 607
4 5 497
4 6 488
4 9 405
4 11 359
4 12 350
4 14 304
4 15 267
4 16 258
4 18 212
4 20 166
4 21 79
4 22 70
4 23 35
4 24 25
5 0 590
5 3 603
5 4 604
5 5 498
5 6 487
5 7 452
5 10 395
5 13 314
5 16 257
5 17 222
5 21 80
5 23 36
6 1 591
6 3 596
6 4 595
6 5 499
6 7 453
6 8 440
6 9 407
6 10 394
6 12 348
6 13 315
6 14 302
6 19 177
6 20 164
6 22 68
6 24 23
7 0 580
7 1 588
7 4 594
7 5 500
7 7 454
7 9 408
7 10 393
7 11 362
7 12 347
7 14 301
7 16 255
7 17 224
7 18 209
7 21 82
7 23 38
7 24 22
8 0 579
8 1 581
8 2 587
8 3 586
8 5 501
8 10 392
8 14 300
8 17 225
8 18 208
8 23 39
8 24 21
9 1 578
9 2 582
9 4 584
9 7 456
9 8 437
9 10 391
9 15 272
9 24 20
10 0 569
10 3 576
10 6 482
10 7 457
10 8 436
10 10 390
10 11 365
10 15 273
10 18 206
10 23 41
11 0 560
11 1 568
11 7 458
11 8 435
11 9 412
11 12 343
11 14 297
11 15 274
11 16 251
11 20 159
11 22 63
11 23 42
11 24 18
12 3 566
12 4 565
12 5 505
12 6 480
12 8 434
12 10 388
12 11 367
12 13 321
12 16 250
12 17 229
12 18 204
12 21 87
12 22 62
13 0 550
13 5 506
13 8 433
13 10 387
13 11 368
13 12 341
13 14 295
13 17 230
13 18 203
13 20 157
14 1 551
14 2 557
14 3 556
14 11 369
14 13 323
14 17 231
14 19 185
14 20 156
14 21 89
14 22 60
14 24 15
15 0 540
15 2 552
15 3 553
15 5 508
15 7 462
15 14 293
15 16 247
15 18 201
15 19 186
15 22 59
16 5 509
16 6 476
16 9 417
16 10 384
16 12 338
16 13 325
16 14 292
16 17 233
16 18 200
16 22 58
16 23 47
16 24 13
17 0 530
17 1 538
17 2 542
17 4 544
17 6 475
17 8 429
17 9 418
17 10 383
17 16 245
17 18 199
17 19 188
17 20 153
17 21 92
17 22 57
18 0 529
18 2 537
18 3 536
18 6 474
18 9 419
18 10 382
18 13 327
18 20 152
18 22 56
19 0 520
19 1 528
19 4 534
19 5 512
19 8 427
19 10 381
19 12 335
19 14 289
19 15 282
19 17 236
19 18 197
19 21 94
19 22 55
20 0 519
20 5 513
20 6 472
20 8 426
20 11 375
20 12 334
20 14 288
20 15 283
20 16 242
20 17 237
20 18 196
20 20 150
20 23 51
21 0 127
21 1 518
21 3 523
21 5 514
21 6 471
21 8 425
21 9 422
21 10 379
21 13 330
21 17 238
21 20 149
21 21 96
21 23 52
22 4 515
22 6 469
22 7 424
22 11 332
22 12 331
22 17 194
22 19 148
22 21 102
22 22 97
22 23 1
23 5 132
23 7 134
23 8 135
23 9 136
23 11 138
23 14 141
23 15 142
23 17 144
23 20 103
23 22 98
24 0 123
24 1 122
24 2 121
24 3 120
24 4 119
24 5 118
24 7 116
24 8 115
24 9 114
24 11 112
24 13 110
24 16 107
24 17 106
24 19 104
24 20 100
24 21 99
24 24 3
Total time generating the Txt is 0.024 seconds